[
['body',[[-6,-2],[-6,5],[-3,8],[3,8],[6,5],[6,-2],[3,-5],[-3,-5]]],
['body',[[-6,-5],[6,-5],[6,-9],[-6,-9]]],
['strut',[[-8,-6],[-10,-12]]],
['strut',[[-8,-6],[-6,-5]]],
['strut',[[-8,-6],[-6,-9]]],
['pad',[[-12,-12],[-8,-12]]],
['strut',[[8,-6],[10,-12]]],
['strut',[[8,-6],[6,-5]]],
['strut',[[8,-6],[6,-9]]],
['pad',[[12,-12],[8,-12]]],
['engineR',[[-6,5],[-8,4],[-8,6]]],
['engineL',[[6,5],[8,4],[8,6]]],
['engineL',[[-8,-6],[-10,-7],[-10,-5]]],
['engineR',[[8,-6],[10,-7],[10,-5]]],
['engineD',[[0,-8],[3,-11],[-3,-11]]],
['hull',[[-12,-12],[12,-12],[8,6],[3,8],[-3,8],[-8,6]]]
]
