Moon 1:
[[(-574.9508336812112, 8.598880814970812), (-562.5352910639356, 8.476429689158913), (-556.7548121480617, -7.830330558300371), (-528.8926155527313, 20.795593024318197), (-508.3714709821184, 27.223066845409917), (-503.09347511628715, 7.125175831836735), (-479.2061799000475, 16.09096705548746), (-459.8429585879361, -4.325360447641549), (-455.04764601773553, 5.766879728392258), (-449.43989801894185, -7.411592061701975), (-438.5209272420401, 3.1591743980990508), (-430.01082750160043, 26.274310515540833), (-417.6719675883136, 20.326774817246537), (-389.8821957186554, 8.880733635312616), (-377.98559754877834, 7.624616585496074), (-350.141175954705, -2.191077796915377), (-331.993756324854, -2.167348907092448), (-314.73719964330826, 18.641131688987798), (-313.66360655387365, 12.944481173529752), (-300.085066713507, 12.673397438106164), (-285.3769199076314, 18.62919945424244), (-260.65207520922235, 10.959581137241756), (-230.9108127099948, 1.9683667298480145), (-212.8117171740579, 27.28476077688066), (-207.7439817658762, -7.514286257620659), (-205.85370150727834, 28.295751697169536), (-196.64397872693337, 5.360239686260027), (-187.22006185004545, 12.622850944082224), (-186.1784028341765, -5.910876022283285), (-176.25872621949262, -5.860119030767441), (-174.47168397534395, 24.63002479098371), (-157.31701459565338, 24.231755612441077), (-141.3376369990061, 21.513319860312684), (-119.26718405217298, 9.128254921583839), (-118.3247551433845, 3.0429979113130443), (-89.31687234435488, 23.600565005245656), (-79.7383747655453, 14.933363086319254), (-71.66120321012122, -3.1947461834652557), (-43.72553453209434, 20.081974593871507), (-30.521736730479063, 13.534095905125227), (-25.0, -0.01), (25.0, -0.01), (26.162729227682984, 21.603131614726347), (40.52386258946224, 25.144557342163296), (41.68472182314292, 7.816218196236928), (45.9344730890212, 18.376225179087072), (48.958751475391615, 19.087960260080287), (49.55197772613307, 19.606104683568613), (65.72970619832385, -7.587091893810278), (81.49777088422854, -3.2770705035157155), (84.87061089683219, 10.274012128618754), (87.13159956888491, 1.8236834031992402), (112.90777720984008, 6.755692656969927), (118.40992360416061, 19.693344804286564), (139.77495700339838, 6.092941087024148), (157.35150732437964, 14.113892976093943), (163.3574945681378, 25.76560218338973), (191.5798406005459, -0.7238497553643661), (207.64575812343892, 22.78397999553392), (217.28425130510644, 2.5356794543746766), (234.7153856802175, 29.192258234951154), (259.67168514009467, 13.72038983967061), (276.42340954944797, 1.174250558186504), (285.31846968599535, 28.647643064593844), (286.4483592747923, 26.98759483654547), (290.2400696757687, 20.52024936202908), (304.80654033638825, 15.322058886473688), (317.9686128026886, 12.182778190935512), (344.1409926797763, 12.76302206215508), (365.87182046255003, 17.147001502330387), (366.6626762004716, 15.683242825743346), (378.9480693004495, 17.452004709451913), (399.653129127533, 12.643122740513117), (427.7063869253382, 10.796032273831642), (455.1930538979936, -1.0129283692184554), (463.11386316998164, 17.748883415472115), (465.81265641112583, 12.082869212535385), (493.6011876923646, 20.544380648680477), (518.8690402850757, -4.889804811918439), (539.3798912652536, 25.479475011667432), (563.5037979053858, -1.532317790398423), (578.5672915322267, 21.106826838673662), (10000.0, 0.0), (10000.0, -10000.0), (-10000.0, -10000.0), (-10000.0, 0.0)]]
[7.3E22]
[(0,-1.7E6)]
0.0
[(-25,-0.01),(25,-0.01)]
[0.,100.]
[0.,0.]
0.
Waypoint 1:
[[(-574.9508336812112, 8.598880814970812), (-562.5352910639356, 8.476429689158913), (-556.7548121480617, -7.830330558300371), (-528.8926155527313, 20.795593024318197), (-508.3714709821184, 27.223066845409917), (-503.09347511628715, 7.125175831836735), (-479.2061799000475, 16.09096705548746), (-459.8429585879361, -4.325360447641549), (-455.04764601773553, 5.766879728392258), (-449.43989801894185, -7.411592061701975), (-438.5209272420401, 3.1591743980990508), (-430.01082750160043, 26.274310515540833), (-417.6719675883136, 20.326774817246537), (-389.8821957186554, 8.880733635312616), (-377.98559754877834, 7.624616585496074), (-350.141175954705, -2.191077796915377), (-331.993756324854, -2.167348907092448), (-314.73719964330826, 18.641131688987798), (-313.66360655387365, 12.944481173529752), (-300.085066713507, 12.673397438106164), (-285.3769199076314, 18.62919945424244), (-260.65207520922235, 10.959581137241756), (-230.9108127099948, 1.9683667298480145), (-212.8117171740579, 27.28476077688066), (-207.7439817658762, -7.514286257620659), (-205.85370150727834, 28.295751697169536), (-196.64397872693337, 5.360239686260027), (-187.22006185004545, 12.622850944082224), (-186.1784028341765, -5.910876022283285), (-176.25872621949262, -5.860119030767441), (-174.47168397534395, 24.63002479098371), (-157.31701459565338, 24.231755612441077), (-141.3376369990061, 21.513319860312684), (-119.26718405217298, 9.128254921583839), (-118.3247551433845, 3.0429979113130443), (-89.31687234435488, 23.600565005245656), (-79.7383747655453, 14.933363086319254), (-71.66120321012122, -3.1947461834652557), (-43.72553453209434, 20.081974593871507), (-30.521736730479063, 13.534095905125227), (-25.0, -0.01), (25.0, -0.01), (26.162729227682984, 21.603131614726347), (40.52386258946224, 25.144557342163296), (41.68472182314292, 7.816218196236928), (45.9344730890212, 18.376225179087072), (48.958751475391615, 19.087960260080287), (49.55197772613307, 19.606104683568613), (65.72970619832385, -7.587091893810278), (81.49777088422854, -3.2770705035157155), (84.87061089683219, 10.274012128618754), (87.13159956888491, 1.8236834031992402), (112.90777720984008, 6.755692656969927), (118.40992360416061, 19.693344804286564), (139.77495700339838, 6.092941087024148), (157.35150732437964, 14.113892976093943), (163.3574945681378, 25.76560218338973), (191.5798406005459, -0.7238497553643661), (207.64575812343892, 22.78397999553392), (217.28425130510644, 2.5356794543746766), (234.7153856802175, 29.192258234951154), (259.67168514009467, 13.72038983967061), (276.42340954944797, 1.174250558186504), (285.31846968599535, 28.647643064593844), (286.4483592747923, 26.98759483654547), (290.2400696757687, 20.52024936202908), (304.80654033638825, 15.322058886473688), (317.9686128026886, 12.182778190935512), (344.1409926797763, 12.76302206215508), (365.87182046255003, 17.147001502330387), (366.6626762004716, 15.683242825743346), (378.9480693004495, 17.452004709451913), (399.653129127533, 12.643122740513117), (427.7063869253382, 10.796032273831642), (455.1930538979936, -1.0129283692184554), (463.11386316998164, 17.748883415472115), (465.81265641112583, 12.082869212535385), (493.6011876923646, 20.544380648680477), (518.8690402850757, -4.889804811918439), (539.3798912652536, 25.479475011667432), (563.5037979053858, -1.532317790398423), (578.5672915322267, 21.106826838673662), (10000.0, 0.0), (10000.0, -10000.0), (-10000.0, -10000.0), (-10000.0, 0.0)]]
[7.3E22]
[(0,-1.7E6)]
0.0
[(50,75),(100,75),(100,25),(50,25)]
[0.,100.]
[0.,0.]
0.
Waypoint 2:
[[(-10000,0),(-100,0),(0,800),(50,800),(200,0),(10000,0),(0,-10000)]]
[7.3E22]
[(0,-1.7E6)]
0.0
[(250,75),(300,75),(300,25),(250,25)]
[-200.,100.]
[0.,0.]
0.
Moon 2:
[[(-68.3921920235368, 5.48355867004565), (-67.71014217108795, 27.29937729565401), (-63.83933321710134, 22.002065852285106), (-44.14700150727353, 25.243393115081417), (-33.325085757667544, 6.831442551083853), (-32.37313848550052, 11.996831850609631), (-26.976434443136586, 6.215562975931196), (-19.69603807749613, 19.345957669048236), (2.8700291404767135, 20.327199674070428), (21.458774395976427, -3.93371868119599), (25.0, -0.01), (75.0, -0.01), (84.5275427407855, 7.234790801815759), (113.6508091837157, 21.090410174793583), (128.67259432188598, 14.17201454009242), (135.1097521558037, 17.586089252129838), (162.7378880379926, 28.24560266014457), (163.60346742856538, 17.74109335987236), (164.60435217360032, 20.542554528439712), (183.03283584326755, 21.75643200986864), (198.76587027309006, -2.364660917999619), (221.07977401910793, 10.89855710386071), (10000.0, 0.0), (10000.0, -10000.0), (-10000.0, -10000.0), (-10000.0, 0.0)]]
[7.3E22]
[(0,-1.7E6)]
0.0
[(25,-0.01),(75,-0.01)]
[0.,100.]
[0.,0.]
0.
Starship:
[ [(12, 12), (78, 12), (90, 0), (96, 0), (90, 12), (90, 24), (96, 36), (90, 36), (78, 24), (12, 24)] , [(42, 24), (60, 24), (42, 42), (24, 42)] , [(0, 48), (12, 42), (132, 42), (132, 54), (108, 54), (96, 66), (66, 66), (60, 60), (0, 60)] , [(132, 42), (144, 30), (162, 30), (174, 42), (174, 54), (162, 66), (144, 66), (132, 54)] , [(0, 60), (18, 60), (30, 78), (48, 78), (48, 90), (6, 90), (6, 78), (12, 78), (0, 60)] ]
[0.0]
[(0,0)]
0.0
[(66, 66), (96, 66)]
[0.,200.]
[0.,0.]
0.
Binary:
[ [(-200.0, -25.0), (-200.0, 25.0), (-155.85172417327334, 90.92809869112376), (-281.25884898450903, 140.20116667369817), (-242.3220768823678, 249.29674700754342), (-363.0779311083784, 250.9476495341942), (-383.7287227806048, 281.8899103930157), (-399.80564617487204, 352.58660116263405), (-428.61088357987404, 310.3054122776935), (-420.10970133121896, 353.97453631811527), (-486.7665855860371, 387.6859049164041), (-521.0957932467252, 403.363459182562), (-574.1787162626058, 356.17940990299576), (-588.0788266746918, 340.43158395657144), (-610.5383699185535, 402.51378601403474), (-669.4103796108186, 407.205920080286), (-722.4213174953127, 430.38525574680585), (-808.529815992412, 370.2412190395536), (-766.1714181909762, 294.26725525886025), (-889.7886737395954, 314.0803625227095), (-867.9773061622064, 226.49996354655562), (-920.5020399910463, 166.84237839166138), (-960.0823367876069, 120.90455969299717), (-991.8995170674315, 65.65486328587569), (-1023.4317389470272, 6.266807318635748), (-1038.3751521499375, -11.882980731994284), (-991.9062226320675, -85.06798792796995), (-1005.27935354325, -103.8210633742759), (-974.8952186105685, -184.6293101580681), (-950.4634950169809, -245.74691693807256), (-922.2512839665557, -315.8130920537121), (-868.8158913411751, -268.99600567104545), (-834.6326163171916, -325.23808611537027), (-788.3585274264258, -277.0854127469367), (-793.1252161784814, -287.010370732048), (-785.7471805383915, -430.8577697102215), (-711.1183598914682, -326.54931499599354), (-652.8922771604981, -426.37736214463905), (-641.3561500688094, -358.23867089756465), (-589.774480925375, -361.91411510087596), (-525.4524561024896, -369.88398403865256), (-529.0381755292606, -344.27836970264025), (-454.45391346843894, -404.6930882033143), (-433.3236193505003, -385.55593044064665), (-460.04646088321226, -299.917722344158), (-421.7486222618886, -332.5152376879909), (-344.11787492901027, -375.4497862665146), (-333.95839852535505, -294.9537323704066), (-222.18862714988683, -265.1584475944131), (-273.8409958864407, -173.6095783475954), (-244.89406211049703, -96.46914985382539), (-226.96166754082242, -46.629791557396715)] , [(1059.2897260166808, 68.72170080001139), (1033.2833992946462, 126.44173565223898), (906.2350215637625, 141.50397094285378), (934.0371035371495, 178.47780600860114), (975.3017412419888, 245.04262815723507), (894.2480053332908, 226.8422399992098), (951.7783436495488, 310.299753764602), (889.3696358481977, 274.9138116683744), (810.5024052578085, 254.5819441671622), (809.3997475000542, 413.9141825194262), (709.5541432583369, 336.55801116036423), (716.3170666473221, 386.18021856492885), (665.412636358959, 367.5064682248255), (673.9987638153245, 422.4081861118035), (637.5694087339343, 404.9828461899553), (559.083459418198, 335.716485863582), (438.60679817387097, 415.0520873056991), (346.13465716862135, 374.47083625395703), (371.78386631168087, 300.88726013872144), (285.59343671834364, 264.99075041227195), (250.35852022487472, 228.22923284573326), (200.37972256150783, 195.35198674768262), (207.35319839179522, 135.33844815420642), (144.83882515179295, 94.70306600321268), (159.38617784617333, 4.063080191446949), (235.98801766734573, -63.704157568145156), (230.49129825232507, -117.74857539850339), (259.54591022580985, -125.03899176166465), (224.88649125628547, -229.42993368781825), (253.9497801228776, -246.398341014387), (310.1273419461027, -324.2989076996604), (399.59513653136725, -342.95088992262555), (412.9695808458239, -371.98082661635004), (424.7292650469002, -429.0554126364207), (438.02535657842054, -399.2724055748438), (437.1153641593706, -409.2074289219638), (488.2797793107113, -319.93231910146636), (527.4389589956437, -385.2676768280007), (561.8062461362398, -461.4103821583536), (578.8619931491213, -423.6143970903431), (577.4414245381979, -465.7143083670622), (647.7028507221722, -449.2382672143129), (718.922531400401, -381.0731779128512), (749.8611415265171, -296.3524566812445), (837.2037082921278, -268.06453482341885), (947.465777993752, -299.04415395027405), (977.1260632887993, -214.46649789633813), (983.4346264371706, -140.26318909414982), (1009.586721552269, -38.948213035722354), (1016.1539637153423, 10.40384909288352)] ]
[7.3E15,7.3E15]
[(-600,0),(600,0)]
0.02
[(-200,-25),(-200,25)]
[0.,1000.]
[0.,0.]
0.
Asteroid 1:
[[(1000.0, -25.0), (1000.0, 25.0), (940.752064552036, 66.22677233182682), (1011.967008588309, 137.05982032438206), (993.0272071731315, 256.5615610107261), (979.2981250856371, 328.52653719030354), (938.6947087568644, 428.14050831154015), (942.5420566820884, 460.6520221265791), (809.0237672333355, 481.40036945752485), (822.4839154531171, 553.8763759325348), (784.1230234514951, 614.2953222267261), (702.966909616134, 695.6945063351105), (645.8253521898364, 784.040099060557), (637.993446933123, 829.4268577343568), (573.8200855760355, 876.122438230395), (519.5685957161564, 838.133487199627), (534.7950914931669, 869.7468339226602), (438.89313134167446, 893.1978422525424), (411.2989032970871, 891.0324522966104), (365.7790989906949, 970.7433528424145), (346.65817704385563, 928.9711341956297), (264.836525747947, 1008.7137539538451), (268.60998146823607, 1027.4774545407306), (141.54325142530615, 1045.21679103604), (63.32622348630093, 1029.8013057074506), (-45.87385157317194, 933.0900357229972), (-63.23179134274494, 1021.7940558245917), (-103.67814075560459, 990.6527591606921), (-184.92565018784632, 926.8239077856284), (-245.55857270793692, 937.7475557340609), (-320.1126777362382, 1015.4932615779627), (-421.36618468683565, 967.3156874632276), (-452.0755465103208, 834.8485002898321), (-573.6047978204103, 875.1261249281148), (-620.3967982084391, 863.5352487017855), (-643.8410168288448, 725.7073228917783), (-658.5419123838345, 699.2426213954873), (-757.366815718906, 669.936574524796), (-814.6715156298699, 624.9034128769508), (-848.5478100357167, 605.3721523280931), (-797.7316101870529, 555.5257083827282), (-846.5927875788773, 480.5732310039568), (-876.7127520552049, 459.326211284783), (-915.6415500434543, 449.264392266558), (-879.6666261996729, 411.18034772969816), (-971.3026045027559, 355.1104676255024), (-963.3836414382569, 275.04687757492553), (-999.0715403429123, 204.24604060973797), (-934.935857415684, 146.57936971277758), (-1053.277856898916, 105.17611559228915), (-1050.1358210370931, 21.037396143088667), (-990.3638707034148, -43.90292546665238), (-1001.011801974362, -155.7106154786591), (-1026.2206503177915, -191.5039454925809), (-999.855542008245, -268.05066886388545), (-921.5995559576519, -273.466590204037), (-954.9230441228838, -336.0520700743429), (-927.1751812484796, -404.38940827070456), (-891.433824800259, -424.19135773410886), (-880.215480257484, -458.36434570673214), (-822.2284479508578, -512.6616640227525), (-852.517639750605, -572.0548887379603), (-782.3104058142397, -649.6207426421107), (-777.6570496294243, -653.4075874625948), (-770.0314290270233, -724.6907887097952), (-695.7627306384812, -764.6864390328816), (-630.5372509430018, -845.854034056826), (-526.9684540826717, -787.9072014275787), (-526.897370940992, -833.7672155852274), (-456.1556207760618, -945.9326548376395), (-436.4661982853675, -950.5966669382636), (-383.6518024313517, -927.3935756155441), (-374.15339685007024, -988.5512892344897), (-264.1605290784852, -950.0292425637055), (-172.79563212858477, -948.8964426625366), (-93.99186014820616, -931.90570769712), (13.858829202516857, -1038.0672734952564), (44.5179750985328, -1060.7612691682418), (125.94458350583508, -1014.8140284747009), (200.92772919704015, -1004.5578425973735), (312.26424575327553, -981.4268063396541), (399.1560111492006, -976.4581488750707), (382.53647728434527, -866.7425013452034), (480.30923042235304, -848.299208981078), (503.57346640678435, -794.6981424196806), (599.0274481548747, -733.8264069432163), (686.8966067294732, -715.5840615385092), (732.5203469439607, -689.7332364306587), (758.5106243046507, -603.9552981917535), (770.8814288847528, -571.1954106499896), (859.9688054366591, -489.4463871330224), (871.1235883671699, -391.6992441749754), (935.8127113771276, -413.77070958411764), (888.3774403150754, -391.18109727394227), (983.0558441498895, -404.7453633357409), (890.7700960751798, -355.06784546821547), (905.078455112961, -332.6535399572843), (886.1355796758301, -299.72674874920614), (999.6891784324457, -295.2367685880287), (1042.3553006504153, -194.58969746207916), (956.1322279850057, -80.01694360918665), (938.453522341505, -32.824779171809396)]]
[7.6E16]
[(0,0)]
0.05
[(1000,-25),(1000,25)]
[0.,1300.]
[-60.,0.]
0.
